# Created by text editor modification from space delimited text save of .xls file
# Randal A. Koene, 20050413
# Experimental data of development in culture, provided by Ger Ramakers
# columns are:
# 1. age (days)
# 2. number of observations
# 3. mean
# 4. standard deviation
# 5. standard error
# 6. lower bound of 95% confidence interval for mean
# 7. upper bound of 95% confidence interval for mean
# 8. minimum
# 9. maximum
# name: total_axon_length
# type: matrix
# rows: 10
# columns: 9
                                   1            43         74.84         52.56           8.02          58.66            91.01         16.26        243.14
                                   2            36        211.07        137.04          22.84         164.70           257.44         34.37        595.29
                                   3            30        420.77        357.62          65.29         287.23           554.31         30.82       1559.80
                                   4             2       1197.58        320.23         226.44       -1679.60          4074.76        971.14       1424.02
                                   5            17       1172.46        938.51         227.62         689.92          1654.99        218.59       3245.63
                                   7            16       3606.04       1420.81         355.20        2848.94          4363.14        973.15       5935.67
                                   9             4       7667.53       1671.43         835.72        5007.91         10327.15       6592.72      10142.49
                                  11             2      13067.58       1061.35         750.49        3531.75         22603.40      12317.09      13818.06
                                  14             3       8720.52       6218.75        3590.40       -6727.71         24168.76       2978.98      15326.12
                                  21             2      24773.62       6838.20        4835.34      -36665.16         86212.40      19938.28      29608.96
# name: branch_points_per_axon
# type: matrix
# rows: 10
# columns: 9
                                   1            43          2.88          2.41           0.37           2.14             3.63          0.00          9.00
                                   2            36          8.47          7.01           1.17           6.10            10.84          0.00         32.00
                                   3            30         20.50         20.34           3.71          12.90            28.10          1.00        100.00
                                   4             2         42.00          8.49           6.00         -34.24           118.24         36.00         48.00
                                   5            17         23.24         20.57           4.99          12.66            33.81          3.00         88.00
                                   7            16         28.50         13.19           3.30          21.47            35.53         10.00         49.00
                                   9             4         37.25         13.89           6.94          15.15            59.35         17.00         48.00
                                  11             2         39.50         17.68          12.50        -119.33           198.33         27.00         52.00
                                  14             3         74.33         37.90          21.88         -19.81           168.48         40.00        115.00
                                  21             2        106.50         30.41          21.50        -166.68           379.68         85.00        128.00
# name: terminal_segments_per_axon
# type: matrix
# rows: 10
# columns: 9
                                   1            43          4.00          2.57           0.39           3.21             4.79          1.00         10.00
                                   2            36          9.97          7.78           1.30           7.34            12.60          1.00         38.00
                                   3            30         22.60         21.43           3.91          14.60            30.60          2.00        106.00
                                   4             2         44.50          9.19           6.50         -38.09           127.09         38.00         51.00
                                   5            17         25.18         22.33           5.42          13.70            36.66          4.00         97.00
                                   7            16         30.25         13.53           3.38          23.04            37.46         12.00         51.00
                                   9             4         39.00         13.64           6.82          17.30            60.70         19.00         49.00
                                  11             2         42.00         16.97          12.00        -110.47           194.47         30.00         54.00
                                  14             3         76.33         38.53          22.24         -19.37           172.04         42.00        118.00
                                  21             2        110.50         30.41          21.50        -162.68           383.68         89.00        132.00
# name: axons_mean_terminal_segment_length
# type: matrix
# rows: 10
# columns: 9
                                   1            43         15.70         14.75           2.25          11.16            20.24          2.35         82.39
                                   2            36         12.25          8.75           1.46           9.29            15.21          3.90         38.93
                                   3            30          9.01          6.74           1.23           6.50            11.53          1.95         32.17
                                   4             2         13.60          6.71           4.74         -46.69            73.88          8.85         18.34
                                   5            17         25.33         17.93           4.35          16.11            34.55          8.71         67.01
                                   7            16         79.63         73.22          18.30          40.62           118.65         24.58        233.60
                                   9             4         85.06         61.90          30.95         -13.43           183.55         44.99        176.63
                                  11             2        153.41         60.14          42.52        -386.90           693.72        110.88        195.93
                                  14             3         59.38         42.76          24.69         -46.84           165.60         33.56        108.73
                                  21             2         79.52         37.52          26.53        -257.55           416.59         52.99        106.05
