# Created by Octave 2.1.57, Wed Sep 14 08:13:38 2005 EST <randalk@askja>
# name: Branch_Samples
# type: matrix
# rows: 76
# columns: 7
 103010 1.726 1.539 0.4419 24.37 44 11.01
 103010 1.57 1.406 0.4688 4.9 8.749 28.97
 103020 0.6629 0.7813 0.6988 36.12 26.6 70.16
 103020 0.7813 0.6629 0.4688 55 0 88.05
 103020 1.26 0.6629 0.6629 12.9 76.7 74.5
 103021 1.683 1.326 1.288 59.62 39.21 40.39
 103021 1.326 1.127 1.326 61.1 0 49.38
 103021 0.9882 1.326 0.6988 44.55 22.6 113.2
 103021 1.683 1.563 1.563 26.3 17.83 517.3
 103021 2.275 2.38 2.096 42.4 71.08 622.4
 103021 1.563 1.593 1.822 46.96 22.9 567
 103030 4.469 1.907 1.048 40.5 0 12.69
 103030 1.958 1.22 0.6988 57.88 0 20.02
 103030 1.822 0.8414 0.6442 58.59 57.3 24.72
 103031 1.127 1.25 0.6988 59.8 0 72.48
 103031 1.326 1.288 0.9882 32.88 0 77.93
 103031 1.768 1.563 0.6988 26.88 31.5 404
 104010 12 8.246 3.606 15.1 18.14 95.21
 104010 5 4.472 3.606 43.9 0 74.55
 104010 18.25 8.062 8.062 55.1 29.61 73.98
 104011 7.81 5.831 3.606 12.87 21.1 37.44
 104011 4.472 3.162 3 26.8 0 356.6
 104011 4 3.606 2.828 44.7 39.22 463
 104011 6.083 5.657 4.472 13.9 49.01 1344
 104011 4.243 4.243 3.606 21.9 83.58 222.3
 104011 6 6 5.657 27.35 23.5 2631
 104020 21.95 18.79 12.17 63.1 0 88.46
 104020 11.66 11.05 7.071 46.8 17.51 731.2
 104021 18.68 10.2 5 26.3 50.4 43.74
 104021 10.44 8.062 3.162 37.7 37.5 209.4
 104021 9.22 11 7 67.75 0 18.44
 104030 11 4.472 6.083 27.8 26.2 103
 104030 11.4 5.657 5 59.9 0 196
 104031 5 5 4.123 27.82 36.6 258.4
 104031 5.657 4.123 3 31.2 29.27 272.1
 104031 5.099 5 4 30.5 20.71 341
 104031 5.099 4.472 3.162 39.03 46.2 718.2
 104031 4.123 2.828 3.162 45 54.43 998.3
 104031 3.162 4.472 2.828 12.49 0 2591
 104031 7 6 8 89.1 0 3958
 102010 7.071068 9.055385 5 43.40886 40.3 215.2324
 102010 10.44031 7.615773 3.605551 60.4 0 362.5052
 102010 5.09902 5 3.162278 13.2 16.49734 625.857
 102010 8.062258 3.605551 3 27.8 0 312.7955
 102010 11.18034 7.615773 3.605551 41.1 49.37726 92.84934
 102010 11.7047 8.544004 6.403124 32.50688 29.6 121.5936
 102010 6.708204 5 3.605551 36.6 0 359.38
 102011 3 3 4.123 50.6 0 194.3
 102011 3.606 3.606 3 52.68 0 161.1
 102011 5 5.385 3.162 36.2 48.99 502.7
 102011 4.472 4 3.606 28.4 32.3 685
 102011 4.123 3 4.472 46.3 74.36 590.2
 102011 5 3.162 4 50.44 69.2 873.2
 102030 13.6 7.28 7.616 35.71 0 214.2
 102030 13.6 9.055 2.236 51.5 0 119.2
 102030 12 11.05 4 52.6 23.73 83
 102030 6.708 5.099 6 14.76 62.7 132.9
 102031 4 4.243 2.828 45 -42 209.4
 102031 4.243 3 3.606 23.43 23.4 520.6
 102031 4.123 3.606 3.606 55.5 0 868.1
 102031 6.083 4.243 2.236 39.19 19.1 2174
 102031 3 2.236 3.162 33 21.96 535.8
 102050 5.385 7.211 3.606 65.9 0 299.3
 102050 4.472 3.606 1.414 9.3 14.18 428.7
 102050 3.162 3 2.828 21.9 25.67 189
 102050 26.87 11.05 8 39 48.3 96.4
 102050 10.44 7.616 2.236 80.2 0 652.1
 102020 8.944 7.81 6.708 37.86 17.6 186.3
 102020 6.403 5 3.606 5.405 6.1 308.5
 102020 11.66 9.434 5 91.1 0 103.1
 102020 10 5.099 3 38.9 35.54 55.57
 102021 7 3.162 3.162 27.01 21.4 42.43
 102021 4.123 2.828 2.236 31.7 50.06 335
 102021 5 2.828 2 18.2 15.38 670
 102021 4.123 3.606 2.236 26.7 34.35 3292
 102021 3 3 4.472 34.4 0 4733
