# Created by Octave 2.1.57, Wed Sep 14 08:38:58 2005 EST <randalk@askja>
# name: Turning_Sample
# type: matrix
# rows: 2553
# columns: 4
 102011 0 0 0
 2 210.068573 0 0
 3 180 0 0
 4 187.7651672 0 0
 5 188.1802368 0 0
 6 196.330246 0 0
 7 180 0 0
 8 171.9521027 0 0
 9 183.530777 0 0
 10 178.8065186 0 0
 11 177.6627045 0 0
 12 185.8408356 0 0
 13 177.6899414 0 0
 14 195.3938599 0 0
 15 213.4551239 0 0
 16 188.1980591 0 0
 17 177.4292603 0 0
 18 182.5707397 0 0
 19 185.1944275 0 0
 20 185.1944275 0 0
 21 180 0 0
 22 185.1104126 0 0
 23 174.8895874 0 0
 24 182.5707397 0 0
 25 182.5396729 0 0
 26 174.8895874 0 0
 27 177.4081421 0 0
 28 161.4520264 0 0
 29 177.510437 0 0
 30 180 0 0
 31 174.2072296 1 217
 32 209.4221649 0 0
 33 153.0041504 0 0
 34 180.9469604 0 0
 35 184.9090576 0 0
 36 175.0909424 0 0
 37 180 0 0
 38 179.0530396 0 0
 39 185.8560181 0 0
 40 185.640564 0 0
 41 171.869873 0 0
 42 185.0424805 0 0
 43 180 0 0
 44 193.3924866 0 0
 45 193.3924866 0 0
 46 176.9123535 0 0
 47 177.4603271 0 0
 48 226.3971558 0 0
 49 155.90625 0 0
 50 182.2070618 0 0
 51 174.2893982 0 0
 52 153.434967 0 0
 53 136.8476105 0 0
 54 215.3872223 0 0
 55 187.7651672 0 0
 56 185.1944275 0 0
 57 180 0 0
 58 195.6600342 0 0
 59 183.373291 0 0
 60 169.1647339 0 0
 61 66.30265808 0 0
 62 143.4572449 0 0
 63 183.6952209 0 0
 64 172.6248627 0 0
 65 180 0 0
 66 187.3751373 0 0
 67 172.6248627 0 0
 68 177.9328918 0 0
 69 182.0671082 0 0
 70 180 0 0
 71 180 0 0
 72 180 0 0
 73 183.6799164 0 0
 74 183.6952209 0 0
 75 180 0 0
 76 178.1523895 0 0
 77 180 0 0
 79 201.3509674 1 0
 80 183.6952209 0 0
 81 168.990036 0 0
 82 165.0167999 0 0
 83 192.8356171 0 0
 84 196.8374786 0 0
 85 195.2447205 0 0
 86 168.3900757 0 0
 87 189.2726288 0 0
 88 182.3372955 0 0
 89 182.4263153 0 0
 90 191.496582 0 0
 91 185.1104126 0 0
 92 185.1944275 0 0
 93 182.6025696 0 0
 94 158.9624634 0 0
 95 124.3803711 0 0
 96 153.7497406 0 0
 97 158.0292053 0 0
 98 190.4742279 0 0
 99 183.3664703 0 0
 100 188.1300964 0 0
 101 182.5396881 0 0
 102 187.7651672 0 0
 103 182.6025696 0 0
 104 177.3974304 0 0
 105 182.6025696 0 0
 106 187.7022705 0 0
 107 185.640564 0 0
 108 180 0 0
 109 164.0545959 0 0
 102021 0 0 0
 2 182.4195099 0 0
 3 171.8699036 0 0
 4 167.0925903 0 0
 5 147.9074097 0 0
 6 183.3664551 0 0
 7 174.1439819 1 49
 8 182.4895477 0 0
 9 180 0 0
 10 169.3302155 0 0
 11 199.9933777 0 0
 12 180 0 0
 13 170.6764069 0 0
 14 174.3693237 0 0
 15 164.5931396 0 0
 16 216.2926331 0 0
 17 185.7823944 0 0
 18 170.5961304 0 0
 19 189.4038696 0 0
 20 170.5961304 0 0
 21 180 0 0
 22 182.2070618 0 0
 23 183.5620117 0 0
 24 180 0 0
 25 177.852417 0 0
 26 182.147583 0 0
 27 177.852417 0 0
 28 182.147583 0 0
 29 187.3147278 0 0
 30 158.6490173 0 0
 31 182.4263306 0 0
 32 185.8408356 0 0
 33 193.0838013 0 0
 34 170.537674 0 0
 35 178.5855713 0 0
 36 198.2518921 0 0
 37 176.3200684 0 0
 38 183.6799316 0 0
 39 183.6348114 0 0
 40 180 0 0
 41 172.6852722 0 0
 42 187.3147278 0 0
 43 180 0 0
 44 161.6753082 0 0
 45 183.6347961 0 0
 46 194.6898956 0 0
 47 176.3651886 0 0
 48 161.7481079 0 0
 49 183.5620117 0 0
 50 160.1077423 0 0
 51 174.3594513 0 0
 52 180 0 0
 53 185.6405487 0 0
 54 196.330246 0 0
 55 198.2518921 0 0
 56 142.2767334 0 0
 57 204.6010895 0 0
 58 182.0671082 0 0
 59 176.3652039 0 0
 60 185.5860138 0 0
 61 175.9816895 0 0
 62 180 0 0
 63 178.4322968 0 0
 64 180 0 0
 65 162.59729 0 0
 66 183.3664551 0 0
 67 176.6335449 0 0
 68 223.8065186 0 0
 69 175.4828949 0 0
 70 190.4742432 0 0
 71 162.328949 0 0
 72 180 0 0
 73 176.3200684 0 0
 74 170.5577393 0 0
 75 189.4422607 0 0
 76 187.3147278 0 0
 77 180 0 0
 78 176.3651886 0 0
 79 197.671051 0 0
 80 180 0 0
 81 180 0 0
 82 177.5736694 0 0
 83 144.2963257 0 0
 84 149.9314117 0 0
 85 180 0 0
 86 174.805542 0 0
 87 180 0 0
 88 228.3468018 0 0
 89 208.4126587 0 0
 90 171.8699036 0 0
 91 182.3373108 0 0
 92 180 0 0
 93 164.7552795 0 0
 94 176.3200684 0 0
 97 147.72435 0 0
 98 180 0 0
 99 172.8031921 0 0
 100 172.6248474 0 0
 101 180 0 0
 102 187.3751526 0 0
 103 161.7481079 0 0
 104 224.3318634 0 0
 105 150.2401123 0 0
 106 180 0 0
 107 193.0838013 0 0
 108 183.50354 0 0
 109 182.3373108 0 0
 110 182.4263306 0 0
 111 147.6390686 0 0
 112 198.3246918 0 0
 113 191.6099091 0 0
 114 185.7927856 0 0
 115 185.04245 0 0
 116 119.3378906 0 0
 117 214.5821533 0 0
 118 198.6179962 0 0
 119 198.2519073 0 0
 120 182.6025543 0 0
 121 180 0 0
 122 152.2414551 0 0
 123 205.1559906 0 0
 124 177.4081268 0 0
 125 149.356781 0 0
 126 185.7690735 0 0
 127 207.4660339 0 0
 128 143.1300964 0 0
 129 182.0671082 0 0
 130 183.7153015 0 0
 131 177.852417 0 0
 132 147.6390533 0 0
 133 176.6335449 0 0
 134 208.4126587 0 0
 135 198.9246368 0 0
 136 211.9929047 0 0
 137 174.8374023 0 0
 138 180 0 0
 139 153.169693 0 0
 140 183.373291 0 0
 141 170.7858887 0 0
 142 165.068573 0 0
 143 180 0 0
 144 161.5650482 0 0
 145 225 0 0
 146 208.7398071 0 0
 147 151.2601929 0 0
 148 211.8274536 0 0
 149 169.2100677 0 0
 150 164.0049438 0 0
 151 185.6273193 0 0
 152 163.5374146 0 0
 153 161.0753632 0 0
 154 189.462326 0 0
 155 208.495636 0 0
 156 171.8019409 0 0
 157 163.3239136 0 0
 158 153.7586517 0 0
 159 212.0821838 0 0
 160 168.3900909 0 0
 161 176.3651886 0 0
 162 183.6348114 0 0
 163 168.990036 0 0
 164 200.2825623 0 0
 165 184.7636414 0 0
 166 175.2363586 0 0
 167 178.8065033 0 0
 168 171.9208984 0 0
 169 172.6852722 0 0
 170 189.462326 0 0
 171 189.4623108 0 0
 172 174.1591644 0 0
 173 188.2671814 0 0
 174 147.6390686 0 0
 175 209.9346008 0 0
 176 166.8223877 0 0
 177 204.0128632 0 0
 178 146.5448914 0 0
 179 150.2401123 0 0
 180 240.6621094 0 0
 181 198.5479584 0 0
 182 167.0925903 0 0
 183 192.9074097 0 0
 184 164.0049438 0 0
 185 183.0876465 0 0
 186 156.6147766 0 0
 187 211.0875092 0 0
 188 169.2100525 0 0
 189 195.9950562 0 0
 190 137.9249878 0 0
 191 183.6348114 0 0
 192 221.0320892 0 0
 193 158.8601685 0 0
 194 177.510437 0 0
 195 171.8699036 0 0
 196 167.0925903 0 0
 197 203.5270691 0 0
 198 193.3428345 0 0
 199 187.7969971 0 0
 200 199.0332947 0 0
 201 174.2072144 0 0
 202 161.5650482 0 0
 203 172.2348328 0 0
 204 174.3726807 0 0
 205 103.3924942 0 0
 206 225 0 0
 207 159.2277527 0 0
 208 195.2447205 0 0
 209 200.4589539 0 0
 210 199.7637329 0 0
 211 180 0 0
 212 126.8698959 0 0
 213 192.9074097 0 0
 214 194.6898956 0 0
 215 176.3651886 0 0
 216 165.3101196 0 0
 217 218.2169495 0 0
 218 174.1439819 0 0
 219 201.8014069 0 0
 220 159.1455383 0 0
 221 176.626709 0 0
 222 171.9521027 0 0
 223 190.4742432 0 0
 224 151.2738647 0 0
 225 200.4589539 0 0
 226 177.7929382 0 0
 227 182.2070618 0 0
 228 170.5961304 0 0
 229 174.4724579 0 0
 230 214.6951599 0 0
 231 198.0700073 0 0
 232 180 0 0
 233 153.7998962 0 0
 234 177.5804901 0 0
 235 184.9090576 0 0
 236 180 0 0
 237 185.6405487 0 0
 238 233.4572449 0 0
 239 181.8476105 0 0
 240 181.8476105 0 0
 241 190.8767395 0 0
 242 182.207077 0 0
 243 194.1231689 0 0
 244 185.6405487 0 0
 245 187.7022858 0 0
 246 169.2100677 0 0
 247 159.7024384 0 0
 248 153.7586365 0 0
 249 204.09375 0 0
 250 188.0791168 0 0
 251 185.9571228 0 0
 252 201.8014221 0 0
 253 182.6025696 0 0
 254 177.3974304 2 1757
 255 114.2277374 0 0
 256 215.7036896 0 0
 257 183.5035248 0 0
 258 182.3373108 0 0
 259 140.7927856 0 0
 260 177.6626892 0 0
 261 195.2447357 0 0
 262 191.055069 0 0
 263 198.6179962 0 0
 264 182.4195099 0 0
 265 182.4895477 0 0
 266 180 0 0
 267 177.5104523 0 0
 268 180 0 0
 269 176.6335297 0 0
 270 175.2363739 0 0
 271 167.0925903 0 0
 272 189.4038849 0 0
 273 177.792923 0 0
 274 176.4379883 0 0
 275 180 0 0
 276 176.3652039 0 0
 277 174.4724579 0 0
 278 172.405365 0 0
 279 176.2846985 0 0
 280 180 0 0
 281 182.147583 0 0
 282 170.7273865 0 0
 283 183.50354 0 0
 284 170.7858887 0 0
 285 192.8356018 0 0
 286 209.7448883 0 0
 287 153.9703979 0 0
 288 174.870285 0 0
 289 161.1168518 0 0
 290 196.6760864 0 0
 291 189.4039001 0 0
 292 172.8031616 0 0
 293 190.8767395 0 0
 294 176.3200836 0 0
 295 180 0 0
 296 194.6898651 0 0
 297 150.0653992 0 0
 298 185.8408508 0 0
