# Created by evaluate-partitioning.sh, Randal A. Koene
# name: netsizes
# type: matrix
# rows: 10
# columns: 1
8
16
32
64
128
256
512
1024
2048
4096
# name: maxsegs
# type: matrix
# rows: 10
# columns: 1
8
16
24
32
40
48
56
64
72
80
# name: netsizes2D
# type: matrix
# rows: 10
# columns: 2
154511 107800
416188 442196
900839 1.59996e+06
2143310 6.49731e+06
4076525 2.17348e+07
9629042 1.14846e+08
19080055 3.98794e+08
39351541 1.64882e+09
85450744 6.26201e+09
197987363 2.56267e+10
# name: maxsegs2D
# type: matrix
# rows: 10
# columns: 2
218052 1.46704e+07
584001 1.46704e+07
992381 1.57781e+07
1355162 1.51621e+07
1743700 1.3862e+07
2259011 1.39002e+07
2626744 1.61362e+07
3517900 1.56635e+07
3664242 1.44473e+07
3810792 1.40891e+07
# name: netsizes3D
# type: matrix
# rows: 10
# columns: 2
365721 102256
1195535 522400
2602592 1.37306e+06
5852363 6.55398e+06
12789731 2.5196e+07
23979476 9.70865e+07
43418456 3.91327e+08
92406379 1.67906e+09
218884465 6.25541e+09
542956497 2.56402e+10
# name: maxsegs3D
# type: matrix
# rows: 10
# columns: 2
736401 1.57857e+07
1805267 1.5847e+07
2939589 1.62855e+07
4185148 1.57329e+07
5142545 1.34932e+07
6846748 1.43504e+07
7587998 1.45352e+07
8457968 1.37683e+07
11379849 1.5865e+07
12899869 1.73959e+07
